count: 100
p:0.8695121951219512
r:0.8968553459119497
f1:0.8829721362229102
